ID, Type, Center_X, Center_Y, Center_Z, Size_X, Size_Y, Size_Z, [Vectors...]
1,AABB,0.4050,-4.4550,-28.0260,52.9740,62.6940,5.8320
2,AABB,18.4680,-26.4060,1.2150,16.8480,18.7920,61.0740
3,AABB,-5.6700,-27.7830,20.4930,40.8240,16.0380,22.5180
4,AABB,19.7640,21.0600,1.2150,14.2560,11.6640,61.0740
5,AABB,-5.6700,-27.4590,-18.9540,35.9640,14.9850,18.4275
6,AABB,-20.2500,20.2500,1.2150,11.6640,13.2840,61.0740
7,AABB,-0.0000,-0.0000,20.4930,21.7080,20.4930,20.8170
8,AABB,-23.0850,5.6700,1.2150,5.9940,24.6240,61.0740
9,AABB,0.0000,23.4900,1.2150,35.9640,6.8040,61.0740
10,AABB,-0.0000,-0.0000,-19.3590,21.7080,20.4930,18.3870
11,AABB,23.2470,11.3400,1.2150,7.2900,16.5240,61.0740
12,AABB,22.5990,-14.4180,1.2150,8.5860,13.6080,61.0740
13,AABB,23.4900,0.8100,1.2150,6.8040,14.9040,61.0740
14,AABB,23.4090,-4.8600,1.2150,6.9660,13.2840,61.0740
15,AABB,-17.5770,-25.3530,4.0500,15.1875,15.7140,19.4400
16,AABB,20.1690,15.7950,1.2150,8.5860,7.6140,61.0740
17,AABB,19.0350,-17.0100,1.2150,7.6140,8.4240,61.0740
18,AABB,-18.6300,-18.7110,1.2150,13.8510,4.9410,55.8090
19,AABB,12.6360,21.5460,1.2150,10.6920,5.8320,61.0740
20,AABB,-12.6360,21.5460,1.2150,10.6920,5.8320,61.0740
21,AABB,21.2220,12.3930,1.2150,6.4800,7.9380,61.0740
22,AABB,-14.2560,19.9260,1.2150,7.4520,5.8320,61.0740
23,AABB,-12.0690,-0.0000,1.2150,4.0500,10.6920,61.0740
24,AABB,11.9070,-0.0000,1.2150,3.7260,11.7450,55.8090
25,AABB,16.6860,-17.8200,1.2150,5.8320,6.8040,61.0740
26,AABB,0.0000,-0.0000,-0.0000,9.1530,28.2690,7.4520
27,AABB,0.0000,-10.0440,20.8980,11.6640,7.4520,21.7080
28,AABB,-10.7730,-0.0000,17.9010,4.3740,14.9850,25.3530
29,AABB,0.0000,-10.0440,-19.1160,12.5955,6.9660,18.1035
30,AABB,-0.0000,-0.0000,-1.1340,8.7480,28.5930,5.6700
31,AABB,-11.0160,-0.0000,-16.2000,4.3740,13.8915,22.9635
32,AABB,-0.0000,-26.8920,-0.0000,7.7760,13.6080,8.8290
33,Oriented,20.8912,7.0191,0.0000,4.0500,2.4000,50.0000,Matrix:[-0.9479,-0.3185,0.0000,20.8912,-0.3185,0.9479,0.0000,7.0191,0.0000,0.0000,-1.0000,0.0000,0.0000,0.0000,0.0000,1.0000]
34,Oriented,20.5153,8.0517,0.0000,4.0500,2.4000,50.0000,Matrix:[-0.9309,-0.3653,0.0000,20.5153,-0.3653,0.9309,0.0000,8.0517,0.0000,0.0000,-1.0000,0.0000,0.0000,0.0000,0.0000,1.0000]
35,Oriented,20.0885,9.0643,0.0000,4.0500,2.4000,50.0000,Matrix:[-0.9115,-0.4113,0.0000,20.0885,-0.4113,0.9115,0.0000,9.0643,0.0000,0.0000,-1.0000,0.0000,0.0000,0.0000,0.0000,1.0000]
36,Oriented,19.6117,10.0543,0.0000,4.0500,2.4000,50.0000,Matrix:[-0.8899,-0.4562,0.0000,19.6117,-0.4562,0.8899,0.0000,10.0543,0.0000,0.0000,-1.0000,0.0000,0.0000,0.0000,0.0000,1.0000]
37,Oriented,19.0861,11.0194,0.0000,4.0500,2.4000,50.0000,Matrix:[-0.8660,-0.5000,0.0000,19.0861,-0.5000,0.8660,0.0000,11.0194,0.0000,0.0000,-1.0000,0.0000,0.0000,0.0000,0.0000,1.0000]
38,Oriented,18.5131,11.9571,0.0000,4.0500,2.4000,50.0000,Matrix:[-0.8400,-0.5425,0.0000,18.5131,-0.5425,0.8400,0.0000,11.9571,0.0000,0.0000,-1.0000,0.0000,0.0000,0.0000,0.0000,1.0000]
39,Oriented,17.8941,12.8650,0.0000,4.0500,2.4000,50.0000,Matrix:[-0.8119,-0.5837,0.0000,17.8941,-0.5837,0.8119,0.0000,12.8650,0.0000,0.0000,-1.0000,0.0000,0.0000,0.0000,0.0000,1.0000]
40,Oriented,17.2306,13.7410,0.0000,4.0500,2.4000,50.0000,Matrix:[-0.7818,-0.6235,0.0000,17.2306,-0.6235,0.7818,0.0000,13.7410,0.0000,0.0000,-1.0000,0.0000,0.0000,0.0000,0.0000,1.0000]
41,Oriented,16.5243,14.5828,0.0000,4.0500,2.4000,50.0000,Matrix:[-0.7498,-0.6617,0.0000,16.5243,-0.6617,0.7498,0.0000,14.5828,0.0000,0.0000,-1.0000,0.0000,0.0000,0.0000,0.0000,1.0000]
42,Oriented,15.7768,15.3883,0.0000,4.0500,2.4000,50.0000,Matrix:[-0.7159,-0.6982,0.0000,15.7768,-0.6982,0.7159,0.0000,15.3883,0.0000,0.0000,-1.0000,0.0000,0.0000,0.0000,0.0000,1.0000]
43,Oriented,14.9902,16.1556,0.0000,4.0500,2.4000,50.0000,Matrix:[-0.6802,-0.7331,0.0000,14.9902,-0.7331,0.6802,0.0000,16.1556,0.0000,0.0000,-1.0000,0.0000,0.0000,0.0000,0.0000,1.0000]
44,Oriented,14.1663,16.8827,0.0000,4.0500,2.4000,50.0000,Matrix:[-0.6428,-0.7660,0.0000,14.1663,-0.7660,0.6428,0.0000,16.8827,0.0000,0.0000,-1.0000,0.0000,0.0000,0.0000,0.0000,1.0000]
45,Oriented,13.3071,17.5678,0.0000,4.0500,2.4000,50.0000,Matrix:[-0.6038,-0.7971,0.0000,13.3071,-0.7971,0.6038,0.0000,17.5678,0.0000,0.0000,-1.0000,0.0000,0.0000,0.0000,0.0000,1.0000]
46,Oriented,12.4149,18.2093,0.0000,4.0500,2.4000,50.0000,Matrix:[-0.5633,-0.8262,0.0000,12.4149,-0.8262,0.5633,0.0000,18.2093,0.0000,0.0000,-1.0000,0.0000,0.0000,0.0000,0.0000,1.0000]
47,Oriented,11.4918,18.8055,0.0000,4.0500,2.4000,50.0000,Matrix:[-0.5214,-0.8533,0.0000,11.4918,-0.8533,0.5214,0.0000,18.8055,0.0000,0.0000,-1.0000,0.0000,0.0000,0.0000,0.0000,1.0000]
48,Oriented,10.5401,19.3549,0.0000,4.0500,2.4000,50.0000,Matrix:[-0.4783,-0.8782,0.0000,10.5401,-0.8782,0.4783,0.0000,19.3549,0.0000,0.0000,-1.0000,0.0000,0.0000,0.0000,0.0000,1.0000]
49,Oriented,9.5623,19.8563,0.0000,4.0500,2.4000,50.0000,Matrix:[-0.4339,-0.9010,0.0000,9.5623,-0.9010,0.4339,0.0000,19.8563,0.0000,0.0000,-1.0000,0.0000,0.0000,0.0000,0.0000,1.0000]
50,Oriented,8.5606,20.3082,0.0000,4.0500,2.4000,50.0000,Matrix:[-0.3884,-0.9215,0.0000,8.5606,-0.9215,0.3884,0.0000,20.3082,0.0000,0.0000,-1.0000,0.0000,0.0000,0.0000,0.0000,1.0000]
51,Oriented,7.5377,20.7097,0.0000,4.0500,2.4000,50.0000,Matrix:[-0.3420,-0.9397,0.0000,7.5377,-0.9397,0.3420,0.0000,20.7097,0.0000,0.0000,-1.0000,0.0000,0.0000,0.0000,0.0000,1.0000]
52,Oriented,-7.5377,20.7097,0.0000,4.0500,2.4000,50.0000,Matrix:[0.3420,-0.9397,0.0000,-7.5377,-0.9397,-0.3420,0.0000,20.7097,0.0000,0.0000,-1.0000,0.0000,0.0000,0.0000,0.0000,1.0000]
53,Oriented,-8.5606,20.3082,0.0000,4.0500,2.4000,50.0000,Matrix:[0.3884,-0.9215,0.0000,-8.5606,-0.9215,-0.3884,0.0000,20.3082,0.0000,0.0000,-1.0000,0.0000,0.0000,0.0000,0.0000,1.0000]
54,Oriented,-9.5623,19.8563,0.0000,4.0500,2.4000,50.0000,Matrix:[0.4339,-0.9010,0.0000,-9.5623,-0.9010,-0.4339,0.0000,19.8563,0.0000,0.0000,-1.0000,0.0000,0.0000,0.0000,0.0000,1.0000]
55,Oriented,-10.5401,19.3549,0.0000,4.0500,2.4000,50.0000,Matrix:[0.4783,-0.8782,0.0000,-10.5401,-0.8782,-0.4783,0.0000,19.3549,0.0000,0.0000,-1.0000,0.0000,0.0000,0.0000,0.0000,1.0000]
56,Oriented,-11.4918,18.8055,0.0000,4.0500,2.4000,50.0000,Matrix:[0.5214,-0.8533,0.0000,-11.4918,-0.8533,-0.5214,0.0000,18.8055,0.0000,0.0000,-1.0000,0.0000,0.0000,0.0000,0.0000,1.0000]
57,Oriented,-12.4149,18.2093,0.0000,4.0500,2.4000,50.0000,Matrix:[0.5633,-0.8262,0.0000,-12.4149,-0.8262,-0.5633,0.0000,18.2093,0.0000,0.0000,-1.0000,0.0000,0.0000,0.0000,0.0000,1.0000]
58,Oriented,-13.3071,17.5678,0.0000,4.0500,2.4000,50.0000,Matrix:[0.6038,-0.7971,0.0000,-13.3071,-0.7971,-0.6038,0.0000,17.5678,0.0000,0.0000,-1.0000,0.0000,0.0000,0.0000,0.0000,1.0000]
59,Oriented,-14.1663,16.8827,0.0000,4.0500,2.4000,50.0000,Matrix:[0.6428,-0.7660,0.0000,-14.1663,-0.7660,-0.6428,0.0000,16.8827,0.0000,0.0000,-1.0000,0.0000,0.0000,0.0000,0.0000,1.0000]
60,Oriented,-14.9902,16.1556,0.0000,4.0500,2.4000,50.0000,Matrix:[0.6802,-0.7331,0.0000,-14.9902,-0.7331,-0.6802,0.0000,16.1556,0.0000,0.0000,-1.0000,0.0000,0.0000,0.0000,0.0000,1.0000]
61,Oriented,-15.7768,15.3883,0.0000,4.0500,2.4000,50.0000,Matrix:[0.7159,-0.6982,0.0000,-15.7768,-0.6982,-0.7159,0.0000,15.3883,0.0000,0.0000,-1.0000,0.0000,0.0000,0.0000,0.0000,1.0000]
62,Oriented,-16.5243,14.5828,0.0000,4.0500,2.4000,50.0000,Matrix:[0.7498,-0.6617,0.0000,-16.5243,-0.6617,-0.7498,0.0000,14.5828,0.0000,0.0000,-1.0000,0.0000,0.0000,0.0000,0.0000,1.0000]
63,Oriented,-17.2306,13.7410,0.0000,4.0500,2.4000,50.0000,Matrix:[0.7818,-0.6235,0.0000,-17.2306,-0.6235,-0.7818,0.0000,13.7410,0.0000,0.0000,-1.0000,0.0000,0.0000,0.0000,0.0000,1.0000]
64,Oriented,-17.8941,12.8650,0.0000,4.0500,2.4000,50.0000,Matrix:[0.8119,-0.5837,0.0000,-17.8941,-0.5837,-0.8119,0.0000,12.8650,0.0000,0.0000,-1.0000,0.0000,0.0000,0.0000,0.0000,1.0000]
65,Oriented,-18.5131,11.9571,0.0000,4.0500,2.4000,50.0000,Matrix:[0.8400,-0.5425,0.0000,-18.5131,-0.5425,-0.8400,0.0000,11.9571,0.0000,0.0000,-1.0000,0.0000,0.0000,0.0000,0.0000,1.0000]
66,Oriented,-19.0861,11.0194,0.0000,4.0500,2.4000,50.0000,Matrix:[0.8660,-0.5000,0.0000,-19.0861,-0.5000,-0.8660,0.0000,11.0194,0.0000,0.0000,-1.0000,0.0000,0.0000,0.0000,0.0000,1.0000]
67,Oriented,-19.6117,10.0543,0.0000,4.0500,2.4000,50.0000,Matrix:[0.8899,-0.4562,0.0000,-19.6117,-0.4562,-0.8899,0.0000,10.0543,0.0000,0.0000,-1.0000,0.0000,0.0000,0.0000,0.0000,1.0000]
68,Oriented,-20.0885,9.0643,0.0000,4.0500,2.4000,50.0000,Matrix:[0.9115,-0.4113,0.0000,-20.0885,-0.4113,-0.9115,0.0000,9.0643,0.0000,0.0000,-1.0000,0.0000,0.0000,0.0000,0.0000,1.0000]
69,Oriented,-20.5153,8.0517,0.0000,4.0500,2.4000,50.0000,Matrix:[0.9309,-0.3653,0.0000,-20.5153,-0.3653,-0.9309,0.0000,8.0517,0.0000,0.0000,-1.0000,0.0000,0.0000,0.0000,0.0000,1.0000]
70,Oriented,-20.8912,7.0191,0.0000,4.0500,2.4000,50.0000,Matrix:[0.9479,-0.3185,0.0000,-20.8912,-0.3185,-0.9479,0.0000,7.0191,0.0000,0.0000,-1.0000,0.0000,0.0000,0.0000,0.0000,1.0000]
71,Oriented,-20.8912,-7.0191,-0.0000,4.0500,2.4000,50.0000,Matrix:[-0.9479,-0.3185,0.0000,-20.8912,-0.3185,0.9479,0.0000,-7.0191,0.0000,0.0000,-1.0000,-0.0000,0.0000,0.0000,0.0000,1.0000]
72,Oriented,-20.5153,-8.0517,-0.0000,4.0500,2.4000,50.0000,Matrix:[-0.9309,-0.3653,0.0000,-20.5153,-0.3653,0.9309,0.0000,-8.0517,0.0000,0.0000,-1.0000,-0.0000,0.0000,0.0000,0.0000,1.0000]
73,Oriented,-20.0885,-9.0643,-0.0000,4.0500,2.4000,50.0000,Matrix:[-0.9115,-0.4113,0.0000,-20.0885,-0.4113,0.9115,0.0000,-9.0643,0.0000,0.0000,-1.0000,-0.0000,0.0000,0.0000,0.0000,1.0000]
74,Oriented,-19.6117,-10.0543,-0.0000,4.0500,2.4000,50.0000,Matrix:[-0.8899,-0.4562,0.0000,-19.6117,-0.4562,0.8899,0.0000,-10.0543,0.0000,0.0000,-1.0000,-0.0000,0.0000,0.0000,0.0000,1.0000]
75,Oriented,-19.0861,-11.0194,-0.0000,4.0500,2.4000,50.0000,Matrix:[-0.8660,-0.5000,0.0000,-19.0861,-0.5000,0.8660,0.0000,-11.0194,0.0000,0.0000,-1.0000,-0.0000,0.0000,0.0000,0.0000,1.0000]
76,Oriented,-18.5131,-11.9571,-0.0000,4.0500,2.4000,50.0000,Matrix:[-0.8400,-0.5425,0.0000,-18.5131,-0.5425,0.8400,0.0000,-11.9571,0.0000,0.0000,-1.0000,-0.0000,0.0000,0.0000,0.0000,1.0000]
77,Oriented,-17.8941,-12.8650,-0.0000,4.0500,2.4000,50.0000,Matrix:[-0.8119,-0.5837,0.0000,-17.8941,-0.5837,0.8119,0.0000,-12.8650,0.0000,0.0000,-1.0000,-0.0000,0.0000,0.0000,0.0000,1.0000]
78,Oriented,-17.2306,-13.7410,-0.0000,4.0500,2.4000,50.0000,Matrix:[-0.7818,-0.6235,0.0000,-17.2306,-0.6235,0.7818,0.0000,-13.7410,0.0000,0.0000,-1.0000,-0.0000,0.0000,0.0000,0.0000,1.0000]
79,Oriented,-16.5243,-14.5828,-0.0000,4.0500,2.4000,50.0000,Matrix:[-0.7498,-0.6617,0.0000,-16.5243,-0.6617,0.7498,0.0000,-14.5828,0.0000,0.0000,-1.0000,-0.0000,0.0000,0.0000,0.0000,1.0000]
80,Oriented,-15.7768,-15.3883,-0.0000,4.0500,2.4000,50.0000,Matrix:[-0.7159,-0.6982,0.0000,-15.7768,-0.6982,0.7159,0.0000,-15.3883,0.0000,0.0000,-1.0000,-0.0000,0.0000,0.0000,0.0000,1.0000]
81,Oriented,-14.9902,-16.1556,-0.0000,4.0500,2.4000,50.0000,Matrix:[-0.6802,-0.7331,0.0000,-14.9902,-0.7331,0.6802,0.0000,-16.1556,0.0000,0.0000,-1.0000,-0.0000,0.0000,0.0000,0.0000,1.0000]
82,Oriented,-14.1663,-16.8827,-0.0000,4.0500,2.4000,50.0000,Matrix:[-0.6428,-0.7660,0.0000,-14.1663,-0.7660,0.6428,0.0000,-16.8827,0.0000,0.0000,-1.0000,-0.0000,0.0000,0.0000,0.0000,1.0000]
83,Oriented,-13.3071,-17.5678,-0.0000,4.0500,2.4000,50.0000,Matrix:[-0.6038,-0.7971,0.0000,-13.3071,-0.7971,0.6038,0.0000,-17.5678,0.0000,0.0000,-1.0000,-0.0000,0.0000,0.0000,0.0000,1.0000]
84,Oriented,-12.4149,-18.2093,-0.0000,4.0500,2.4000,50.0000,Matrix:[-0.5633,-0.8262,0.0000,-12.4149,-0.8262,0.5633,0.0000,-18.2093,0.0000,0.0000,-1.0000,-0.0000,0.0000,0.0000,0.0000,1.0000]
85,Oriented,-11.4906,-18.8062,-0.0000,4.0500,2.4000,50.0000,Matrix:[-0.5214,-0.8533,0.0000,-11.4906,-0.8533,0.5214,0.0000,-18.8062,0.0000,0.0000,-1.0000,-0.0000,0.0000,0.0000,0.0000,1.0000]
86,Oriented,11.4890,-18.8071,-0.0000,4.0500,2.4000,50.0000,Matrix:[0.5213,-0.8534,0.0000,11.4890,-0.8534,-0.5213,0.0000,-18.8071,0.0000,0.0000,-1.0000,-0.0000,0.0000,0.0000,0.0000,1.0000]
87,Oriented,12.4149,-18.2093,-0.0000,4.0500,2.4000,50.0000,Matrix:[0.5633,-0.8262,0.0000,12.4149,-0.8262,-0.5633,0.0000,-18.2093,0.0000,0.0000,-1.0000,-0.0000,0.0000,0.0000,0.0000,1.0000]
88,Oriented,13.3071,-17.5678,-0.0000,4.0500,2.4000,50.0000,Matrix:[0.6038,-0.7971,0.0000,13.3071,-0.7971,-0.6038,0.0000,-17.5678,0.0000,0.0000,-1.0000,-0.0000,0.0000,0.0000,0.0000,1.0000]
89,Oriented,14.1663,-16.8827,-0.0000,4.0500,2.4000,50.0000,Matrix:[0.6428,-0.7660,0.0000,14.1663,-0.7660,-0.6428,0.0000,-16.8827,0.0000,0.0000,-1.0000,-0.0000,0.0000,0.0000,0.0000,1.0000]
90,Oriented,14.9902,-16.1556,-0.0000,4.0500,2.4000,50.0000,Matrix:[0.6802,-0.7331,0.0000,14.9902,-0.7331,-0.6802,0.0000,-16.1556,0.0000,0.0000,-1.0000,-0.0000,0.0000,0.0000,0.0000,1.0000]
91,Oriented,15.7768,-15.3883,-0.0000,4.0500,2.4000,50.0000,Matrix:[0.7159,-0.6982,0.0000,15.7768,-0.6982,-0.7159,0.0000,-15.3883,0.0000,0.0000,-1.0000,-0.0000,0.0000,0.0000,0.0000,1.0000]
92,Oriented,16.5243,-14.5828,-0.0000,4.0500,2.4000,50.0000,Matrix:[0.7498,-0.6617,0.0000,16.5243,-0.6617,-0.7498,0.0000,-14.5828,0.0000,0.0000,-1.0000,-0.0000,0.0000,0.0000,0.0000,1.0000]
93,Oriented,17.2306,-13.7410,-0.0000,4.0500,2.4000,50.0000,Matrix:[0.7818,-0.6235,0.0000,17.2306,-0.6235,-0.7818,0.0000,-13.7410,0.0000,0.0000,-1.0000,-0.0000,0.0000,0.0000,0.0000,1.0000]
94,Oriented,17.8941,-12.8650,-0.0000,4.0500,2.4000,50.0000,Matrix:[0.8119,-0.5837,0.0000,17.8941,-0.5837,-0.8119,0.0000,-12.8650,0.0000,0.0000,-1.0000,-0.0000,0.0000,0.0000,0.0000,1.0000]
95,Oriented,18.5131,-11.9571,-0.0000,4.0500,2.4000,50.0000,Matrix:[0.8400,-0.5425,0.0000,18.5131,-0.5425,-0.8400,0.0000,-11.9571,0.0000,0.0000,-1.0000,-0.0000,0.0000,0.0000,0.0000,1.0000]
96,Oriented,19.0861,-11.0194,-0.0000,4.0500,2.4000,50.0000,Matrix:[0.8660,-0.5000,0.0000,19.0861,-0.5000,-0.8660,0.0000,-11.0194,0.0000,0.0000,-1.0000,-0.0000,0.0000,0.0000,0.0000,1.0000]
97,Oriented,19.6117,-10.0543,-0.0000,4.0500,2.4000,50.0000,Matrix:[0.8899,-0.4562,0.0000,19.6117,-0.4562,-0.8899,0.0000,-10.0543,0.0000,0.0000,-1.0000,-0.0000,0.0000,0.0000,0.0000,1.0000]
98,Oriented,20.0885,-9.0643,-0.0000,4.0500,2.4000,50.0000,Matrix:[0.9115,-0.4113,0.0000,20.0885,-0.4113,-0.9115,0.0000,-9.0643,0.0000,0.0000,-1.0000,-0.0000,0.0000,0.0000,0.0000,1.0000]
99,Oriented,20.5153,-8.0517,-0.0000,4.0500,2.4000,50.0000,Matrix:[0.9309,-0.3653,0.0000,20.5153,-0.3653,-0.9309,0.0000,-8.0517,0.0000,0.0000,-1.0000,-0.0000,0.0000,0.0000,0.0000,1.0000]
100,Oriented,20.8912,-7.0191,-0.0000,4.0500,2.4000,50.0000,Matrix:[0.9479,-0.3185,0.0000,20.8912,-0.3185,-0.9479,0.0000,-7.0191,0.0000,0.0000,-1.0000,-0.0000,0.0000,0.0000,0.0000,1.0000]
101,Oriented,-12.2760,4.1245,0.0000,4.0500,2.4000,50.0000,Matrix:[0.9479,-0.3185,0.0000,-12.2760,-0.3185,-0.9479,0.0000,4.1245,0.0000,0.0000,-1.0000,0.0000,0.0000,0.0000,0.0000,1.0000]
102,Oriented,-12.0551,4.7313,0.0000,4.0500,2.4000,50.0000,Matrix:[0.9309,-0.3653,0.0000,-12.0551,-0.3653,-0.9309,0.0000,4.7313,0.0000,0.0000,-1.0000,0.0000,0.0000,0.0000,0.0000,1.0000]
103,Oriented,-11.8043,5.3263,0.0000,4.0500,2.4000,50.0000,Matrix:[0.9115,-0.4113,0.0000,-11.8043,-0.4113,-0.9115,0.0000,5.3263,0.0000,0.0000,-1.0000,0.0000,0.0000,0.0000,0.0000,1.0000]
104,Oriented,-11.5241,5.9081,0.0000,4.0500,2.4000,50.0000,Matrix:[0.8899,-0.4562,0.0000,-11.5241,-0.4562,-0.8899,0.0000,5.9081,0.0000,0.0000,-1.0000,0.0000,0.0000,0.0000,0.0000,1.0000]
105,Oriented,-11.2153,6.4752,0.0000,4.0500,2.4000,50.0000,Matrix:[0.8660,-0.5000,0.0000,-11.2153,-0.5000,-0.8660,0.0000,6.4752,0.0000,0.0000,-1.0000,0.0000,0.0000,0.0000,0.0000,1.0000]
106,Oriented,-10.8786,7.0262,0.0000,4.0500,2.4000,50.0000,Matrix:[0.8400,-0.5425,0.0000,-10.8786,-0.5425,-0.8400,0.0000,7.0262,0.0000,0.0000,-1.0000,0.0000,0.0000,0.0000,0.0000,1.0000]
107,Oriented,-10.5149,7.5597,0.0000,4.0500,2.4000,50.0000,Matrix:[0.8119,-0.5837,0.0000,-10.5149,-0.5837,-0.8119,0.0000,7.5597,0.0000,0.0000,-1.0000,0.0000,0.0000,0.0000,0.0000,1.0000]
108,Oriented,-10.1250,8.0744,0.0000,4.0500,2.4000,50.0000,Matrix:[0.7818,-0.6235,0.0000,-10.1250,-0.6235,-0.7818,0.0000,8.0744,0.0000,0.0000,-1.0000,0.0000,0.0000,0.0000,0.0000,1.0000]
109,Oriented,-9.7099,8.5691,0.0000,4.0500,2.4000,50.0000,Matrix:[0.7498,-0.6617,0.0000,-9.7099,-0.6617,-0.7498,0.0000,8.5691,0.0000,0.0000,-1.0000,0.0000,0.0000,0.0000,0.0000,1.0000]
110,Oriented,-9.2707,9.0424,0.0000,4.0500,2.4000,50.0000,Matrix:[0.7159,-0.6982,0.0000,-9.2707,-0.6982,-0.7159,0.0000,9.0424,0.0000,0.0000,-1.0000,0.0000,0.0000,0.0000,0.0000,1.0000]
111,Oriented,-8.8085,9.4933,0.0000,4.0500,2.4000,50.0000,Matrix:[0.6802,-0.7331,0.0000,-8.8085,-0.7331,-0.6802,0.0000,9.4933,0.0000,0.0000,-1.0000,0.0000,0.0000,0.0000,0.0000,1.0000]
112,Oriented,-8.3243,9.9205,0.0000,4.0500,2.4000,50.0000,Matrix:[0.6428,-0.7660,0.0000,-8.3243,-0.7660,-0.6428,0.0000,9.9205,0.0000,0.0000,-1.0000,0.0000,0.0000,0.0000,0.0000,1.0000]
113,Oriented,-7.8195,10.3231,0.0000,4.0500,2.4000,50.0000,Matrix:[0.6038,-0.7971,0.0000,-7.8195,-0.7971,-0.6038,0.0000,10.3231,0.0000,0.0000,-1.0000,0.0000,0.0000,0.0000,0.0000,1.0000]
114,Oriented,-7.2952,10.7001,0.0000,4.0500,2.4000,50.0000,Matrix:[0.5633,-0.8262,0.0000,-7.2952,-0.8262,-0.5633,0.0000,10.7001,0.0000,0.0000,-1.0000,0.0000,0.0000,0.0000,0.0000,1.0000]
115,Oriented,-6.7528,11.0504,0.0000,4.0500,2.4000,50.0000,Matrix:[0.5214,-0.8533,0.0000,-6.7528,-0.8533,-0.5214,0.0000,11.0504,0.0000,0.0000,-1.0000,0.0000,0.0000,0.0000,0.0000,1.0000]
116,Oriented,-6.1936,11.3733,0.0000,4.0500,2.4000,50.0000,Matrix:[0.4783,-0.8782,0.0000,-6.1936,-0.8782,-0.4783,0.0000,11.3733,0.0000,0.0000,-1.0000,0.0000,0.0000,0.0000,0.0000,1.0000]
117,Oriented,-5.6189,11.6679,0.0000,4.0500,2.4000,50.0000,Matrix:[0.4339,-0.9010,0.0000,-5.6189,-0.9010,-0.4339,0.0000,11.6679,0.0000,0.0000,-1.0000,0.0000,0.0000,0.0000,0.0000,1.0000]
118,Oriented,-5.0304,11.9334,0.0000,4.0500,2.4000,50.0000,Matrix:[0.3884,-0.9215,0.0000,-5.0304,-0.9215,-0.3884,0.0000,11.9334,0.0000,0.0000,-1.0000,0.0000,0.0000,0.0000,0.0000,1.0000]
119,Oriented,-4.4293,12.1693,0.0000,4.0500,2.4000,50.0000,Matrix:[0.3420,-0.9397,0.0000,-4.4293,-0.9397,-0.3420,0.0000,12.1693,0.0000,0.0000,-1.0000,0.0000,0.0000,0.0000,0.0000,1.0000]
120,Oriented,4.4293,12.1693,0.0000,4.0500,2.4000,50.0000,Matrix:[-0.3420,-0.9397,0.0000,4.4293,-0.9397,0.3420,0.0000,12.1693,0.0000,0.0000,-1.0000,0.0000,0.0000,0.0000,0.0000,1.0000]
121,Oriented,5.0304,11.9334,0.0000,4.0500,2.4000,50.0000,Matrix:[-0.3884,-0.9215,0.0000,5.0304,-0.9215,0.3884,0.0000,11.9334,0.0000,0.0000,-1.0000,0.0000,0.0000,0.0000,0.0000,1.0000]
122,Oriented,5.6189,11.6679,0.0000,4.0500,2.4000,50.0000,Matrix:[-0.4339,-0.9010,0.0000,5.6189,-0.9010,0.4339,0.0000,11.6679,0.0000,0.0000,-1.0000,0.0000,0.0000,0.0000,0.0000,1.0000]
123,Oriented,6.1936,11.3733,0.0000,4.0500,2.4000,50.0000,Matrix:[-0.4783,-0.8782,0.0000,6.1936,-0.8782,0.4783,0.0000,11.3733,0.0000,0.0000,-1.0000,0.0000,0.0000,0.0000,0.0000,1.0000]
124,Oriented,6.7528,11.0504,0.0000,4.0500,2.4000,50.0000,Matrix:[-0.5214,-0.8533,0.0000,6.7528,-0.8533,0.5214,0.0000,11.0504,0.0000,0.0000,-1.0000,0.0000,0.0000,0.0000,0.0000,1.0000]
125,Oriented,7.2952,10.7001,0.0000,4.0500,2.4000,50.0000,Matrix:[-0.5633,-0.8262,0.0000,7.2952,-0.8262,0.5633,0.0000,10.7001,0.0000,0.0000,-1.0000,0.0000,0.0000,0.0000,0.0000,1.0000]
126,Oriented,7.8195,10.3231,0.0000,4.0500,2.4000,50.0000,Matrix:[-0.6038,-0.7971,0.0000,7.8195,-0.7971,0.6038,0.0000,10.3231,0.0000,0.0000,-1.0000,0.0000,0.0000,0.0000,0.0000,1.0000]
127,Oriented,8.3243,9.9205,0.0000,4.0500,2.4000,50.0000,Matrix:[-0.6428,-0.7660,0.0000,8.3243,-0.7660,0.6428,0.0000,9.9205,0.0000,0.0000,-1.0000,0.0000,0.0000,0.0000,0.0000,1.0000]
128,Oriented,8.8085,9.4933,0.0000,4.0500,2.4000,50.0000,Matrix:[-0.6802,-0.7331,0.0000,8.8085,-0.7331,0.6802,0.0000,9.4933,0.0000,0.0000,-1.0000,0.0000,0.0000,0.0000,0.0000,1.0000]
129,Oriented,9.2707,9.0424,0.0000,4.0500,2.4000,50.0000,Matrix:[-0.7159,-0.6982,0.0000,9.2707,-0.6982,0.7159,0.0000,9.0424,0.0000,0.0000,-1.0000,0.0000,0.0000,0.0000,0.0000,1.0000]
130,Oriented,9.7099,8.5691,0.0000,4.0500,2.4000,50.0000,Matrix:[-0.7498,-0.6617,0.0000,9.7099,-0.6617,0.7498,0.0000,8.5691,0.0000,0.0000,-1.0000,0.0000,0.0000,0.0000,0.0000,1.0000]
131,Oriented,10.1250,8.0744,0.0000,4.0500,2.4000,50.0000,Matrix:[-0.7818,-0.6235,0.0000,10.1250,-0.6235,0.7818,0.0000,8.0744,0.0000,0.0000,-1.0000,0.0000,0.0000,0.0000,0.0000,1.0000]
132,Oriented,10.5149,7.5597,0.0000,4.0500,2.4000,50.0000,Matrix:[-0.8119,-0.5837,0.0000,10.5149,-0.5837,0.8119,0.0000,7.5597,0.0000,0.0000,-1.0000,0.0000,0.0000,0.0000,0.0000,1.0000]
133,Oriented,10.8786,7.0262,0.0000,4.0500,2.4000,50.0000,Matrix:[-0.8400,-0.5425,0.0000,10.8786,-0.5425,0.8400,0.0000,7.0262,0.0000,0.0000,-1.0000,0.0000,0.0000,0.0000,0.0000,1.0000]
134,Oriented,11.2153,6.4752,0.0000,4.0500,2.4000,50.0000,Matrix:[-0.8660,-0.5000,0.0000,11.2153,-0.5000,0.8660,0.0000,6.4752,0.0000,0.0000,-1.0000,0.0000,0.0000,0.0000,0.0000,1.0000]
135,Oriented,11.5241,5.9081,0.0000,4.0500,2.4000,50.0000,Matrix:[-0.8899,-0.4562,0.0000,11.5241,-0.4562,0.8899,0.0000,5.9081,0.0000,0.0000,-1.0000,0.0000,0.0000,0.0000,0.0000,1.0000]
136,Oriented,11.8043,5.3263,0.0000,4.0500,2.4000,50.0000,Matrix:[-0.9115,-0.4113,0.0000,11.8043,-0.4113,0.9115,0.0000,5.3263,0.0000,0.0000,-1.0000,0.0000,0.0000,0.0000,0.0000,1.0000]
137,Oriented,12.0551,4.7313,0.0000,4.0500,2.4000,50.0000,Matrix:[-0.9309,-0.3653,0.0000,12.0551,-0.3653,0.9309,0.0000,4.7313,0.0000,0.0000,-1.0000,0.0000,0.0000,0.0000,0.0000,1.0000]
138,Oriented,12.2760,4.1245,0.0000,4.0500,2.4000,50.0000,Matrix:[-0.9479,-0.3185,0.0000,12.2760,-0.3185,0.9479,0.0000,4.1245,0.0000,0.0000,-1.0000,0.0000,0.0000,0.0000,0.0000,1.0000]
139,Oriented,12.2760,-4.1245,0.0000,4.0500,2.4000,50.0000,Matrix:[0.9479,-0.3185,0.0000,12.2760,-0.3185,-0.9479,0.0000,-4.1245,0.0000,0.0000,-1.0000,0.0000,0.0000,0.0000,0.0000,1.0000]
140,Oriented,12.0551,-4.7313,0.0000,4.0500,2.4000,50.0000,Matrix:[0.9309,-0.3653,0.0000,12.0551,-0.3653,-0.9309,0.0000,-4.7313,0.0000,0.0000,-1.0000,0.0000,0.0000,0.0000,0.0000,1.0000]
141,Oriented,11.8043,-5.3263,0.0000,4.0500,2.4000,50.0000,Matrix:[0.9115,-0.4113,0.0000,11.8043,-0.4113,-0.9115,0.0000,-5.3263,0.0000,0.0000,-1.0000,0.0000,0.0000,0.0000,0.0000,1.0000]
142,Oriented,11.5241,-5.9081,0.0000,4.0500,2.4000,50.0000,Matrix:[0.8899,-0.4562,0.0000,11.5241,-0.4562,-0.8899,0.0000,-5.9081,0.0000,0.0000,-1.0000,0.0000,0.0000,0.0000,0.0000,1.0000]
143,Oriented,11.2153,-6.4752,0.0000,4.0500,2.4000,50.0000,Matrix:[0.8660,-0.5000,0.0000,11.2153,-0.5000,-0.8660,0.0000,-6.4752,0.0000,0.0000,-1.0000,0.0000,0.0000,0.0000,0.0000,1.0000]
144,Oriented,10.8786,-7.0262,0.0000,4.0500,2.4000,50.0000,Matrix:[0.8400,-0.5425,0.0000,10.8786,-0.5425,-0.8400,0.0000,-7.0262,0.0000,0.0000,-1.0000,0.0000,0.0000,0.0000,0.0000,1.0000]
145,Oriented,10.5149,-7.5597,0.0000,4.0500,2.4000,50.0000,Matrix:[0.8119,-0.5837,0.0000,10.5149,-0.5837,-0.8119,0.0000,-7.5597,0.0000,0.0000,-1.0000,0.0000,0.0000,0.0000,0.0000,1.0000]
146,Oriented,10.1250,-8.0744,0.0000,4.0500,2.4000,50.0000,Matrix:[0.7818,-0.6235,0.0000,10.1250,-0.6235,-0.7818,0.0000,-8.0744,0.0000,0.0000,-1.0000,0.0000,0.0000,0.0000,0.0000,1.0000]
147,Oriented,9.7099,-8.5691,0.0000,4.0500,2.4000,50.0000,Matrix:[0.7498,-0.6617,0.0000,9.7099,-0.6617,-0.7498,0.0000,-8.5691,0.0000,0.0000,-1.0000,0.0000,0.0000,0.0000,0.0000,1.0000]
148,Oriented,9.2707,-9.0424,0.0000,4.0500,2.4000,50.0000,Matrix:[0.7159,-0.6982,0.0000,9.2707,-0.6982,-0.7159,0.0000,-9.0424,0.0000,0.0000,-1.0000,0.0000,0.0000,0.0000,0.0000,1.0000]
149,Oriented,-9.2707,-9.0424,0.0000,4.0500,2.4000,50.0000,Matrix:[-0.7159,-0.6982,0.0000,-9.2707,-0.6982,0.7159,0.0000,-9.0424,0.0000,0.0000,-1.0000,0.0000,0.0000,0.0000,0.0000,1.0000]
150,Oriented,-9.7099,-8.5691,0.0000,4.0500,2.4000,50.0000,Matrix:[-0.7498,-0.6617,0.0000,-9.7099,-0.6617,0.7498,0.0000,-8.5691,0.0000,0.0000,-1.0000,0.0000,0.0000,0.0000,0.0000,1.0000]
151,Oriented,-10.1250,-8.0744,0.0000,4.0500,2.4000,50.0000,Matrix:[-0.7818,-0.6235,0.0000,-10.1250,-0.6235,0.7818,0.0000,-8.0744,0.0000,0.0000,-1.0000,0.0000,0.0000,0.0000,0.0000,1.0000]
152,Oriented,-10.5149,-7.5597,0.0000,4.0500,2.4000,50.0000,Matrix:[-0.8119,-0.5837,0.0000,-10.5149,-0.5837,0.8119,0.0000,-7.5597,0.0000,0.0000,-1.0000,0.0000,0.0000,0.0000,0.0000,1.0000]
153,Oriented,-10.8786,-7.0262,0.0000,4.0500,2.4000,50.0000,Matrix:[-0.8400,-0.5425,0.0000,-10.8786,-0.5425,0.8400,0.0000,-7.0262,0.0000,0.0000,-1.0000,0.0000,0.0000,0.0000,0.0000,1.0000]
154,Oriented,-11.2153,-6.4752,0.0000,4.0500,2.4000,50.0000,Matrix:[-0.8660,-0.5000,0.0000,-11.2153,-0.5000,0.8660,0.0000,-6.4752,0.0000,0.0000,-1.0000,0.0000,0.0000,0.0000,0.0000,1.0000]
155,Oriented,-11.5241,-5.9081,0.0000,4.0500,2.4000,50.0000,Matrix:[-0.8899,-0.4562,0.0000,-11.5241,-0.4562,0.8899,0.0000,-5.9081,0.0000,0.0000,-1.0000,0.0000,0.0000,0.0000,0.0000,1.0000]
156,Oriented,-11.8043,-5.3263,0.0000,4.0500,2.4000,50.0000,Matrix:[-0.9115,-0.4113,0.0000,-11.8043,-0.4113,0.9115,0.0000,-5.3263,0.0000,0.0000,-1.0000,0.0000,0.0000,0.0000,0.0000,1.0000]
157,Oriented,-12.0551,-4.7313,0.0000,4.0500,2.4000,50.0000,Matrix:[-0.9309,-0.3653,0.0000,-12.0551,-0.3653,0.9309,0.0000,-4.7313,0.0000,0.0000,-1.0000,0.0000,0.0000,0.0000,0.0000,1.0000]
158,Oriented,-12.2760,-4.1245,0.0000,4.0500,2.4000,50.0000,Matrix:[-0.9479,-0.3185,0.0000,-12.2760,-0.3185,0.9479,0.0000,-4.1245,0.0000,0.0000,-1.0000,0.0000,0.0000,0.0000,0.0000,1.0000]
159,Oriented,-10.5374,-19.3525,12.6034,4.0500,2.4000,24.7944,Matrix:[0.4783,0.8782,-0.0000,-10.5374,0.8782,-0.4783,-0.0003,-19.3525,-0.0003,0.0001,-1.0000,12.6034,0.0000,0.0000,0.0000,1.0000]
160,Oriented,10.4046,-19.4237,-12.6600,4.0500,2.4000,24.6804,Matrix:[0.4721,-0.8815,0.0002,10.4046,-0.8815,-0.4721,0.0001,-19.4237,-0.0000,-0.0002,-1.0000,-12.6600,0.0000,0.0000,0.0000,1.0000]
161,Oriented,-10.4026,-19.4248,-12.6728,4.0500,2.4000,24.6548,Matrix:[-0.4720,-0.8816,-0.0002,-10.4026,-0.8816,0.4720,0.0001,-19.4248,-0.0000,0.0003,-1.0000,-12.6728,0.0000,0.0000,0.0000,1.0000]
162,Oriented,10.5358,-19.3575,12.7095,4.0500,2.4000,24.5815,Matrix:[-0.4783,-0.8782,0.0004,10.5358,0.8782,-0.4783,0.0002,-19.3575,-0.0000,0.0004,1.0000,12.7095,0.0000,0.0000,0.0000,1.0000]
